"report-file-0"
"Time Step" "flow-time etc.."
("Time Step" "flow-time" "cd" "cl")
1701 6.505 11004 -1860.672
1702 6.51 10969.78 -1125.403
1703 6.515 10919.84 -142.5207
1704 6.52 10896.71 876.7243
1705 6.525 10918.75 1705.484
1706 6.53 10968.94 2156.846
1707 6.535 11004.94 2134.135
1708 6.54 10997.59 1648.591
1709 6.545 10952.86 807.8535
1710 6.55 10908.4 -212.1859
1711 6.555 10899.69 -1191.155
1712 6.56 10934.34 -1907.722
1713 6.565 10983.56 -2202.331
1714 6.57 11006.41 -2015.387
1715 6.575 10984.38 -1393.905
1716 6.58 10934.92 -469.1047
1717 6.585 10899.38 562.9097
1718 6.59 10907.13 1476.339
1719 6.595 10952.45 2062.753
1720 6.6 10997.28 2194.018
1721 6.605 11005.03 1847.419
1722 6.61 10969.03 1102.725
1723 6.615 10919.6 116.6008
1724 6.62 10897.47 -900.0004
1725 6.625 10919.95 -1720.754
1726 6.63 10968.97 -2160.613
1727 6.635 11003.81 -2126.021
1728 6.64 10995.81 -1631.578
1729 6.645 10951.05 -784.3008
1730 6.65 10906.81 237.4848
1731 6.655 10899.44 1213.766
1732 6.66 10935.78 1922.011
1733 6.665 10985.83 2205.415
1734 6.67 11007.94 2005.945
1735 6.675 10983.74 1373.551
1736 6.68 10934.1 442.8563
1737 6.685 10899.55 -588.6683
1738 6.69 10908.4 -1494.671
1739 6.695 10953.11 -2070.208
1740 6.7 10996.62 -2189.368
1741 6.705 11003.19 -1832.711
1742 6.71 10967.37 -1080.97
1743 6.715 10918.15 -92.36607
1744 6.72 10896.73 923.8281
1745 6.725 10920.95 1738.052
1746 6.73 10971.39 2167.26
1747 6.735 11005.74 2120.446
1748 6.74 10995.84 1614.026
1749 6.745 10950.37 759.697
1750 6.75 10906.86 -263.8166
1751 6.755 10900.65 -1235.023
1752 6.76 10936.89 -1933.459
1753 6.765 10985.51 -2204.569
1754 6.77 11006.43 -1994.065
1755 6.775 10982.19 -1353.749
1756 6.78 10932.48 -418.5993
1757 6.785 10898.7 613.0488
1758 6.79 10908.77 1514.695
1759 6.795 10955.02 2080.734
1760 6.8 10998.69 2187.885
1761 6.805 11004.22 1818.847
1762 6.81 10966.5 1058.008
1763 6.815 10917.84 66.32533
1764 6.82 10897.38 -947.1596
1765 6.825 10921.89 -1752.792
1766 6.83 10971.38 -2170.39
1767 6.835 11004.56 -2111.743
1768 6.84 10994.06 -1596.552
1769 6.845 10948.54 -735.8789
1770 6.85 10905.27 290.0371
1771 6.855 10900.39 1256.825
1772 6.86 10938.24 1947.015
1773 6.865 10987.86 2206.861
1774 6.87 11007.74 1983.909
1775 6.875 10981.61 1332.899
1776 6.88 10931.89 393.6567
1777 6.885 10898.88 -638.8513
1778 6.89 10910.08 -1532.502
1779 6.895 10955.57 -2087.469
1780 6.9 10997.99 -2182.525
1781 6.905 11002.23 -1803.565
1782 6.91 10964.87 -1035.862
1783 6.915 10915.92 -40.56322
1784 6.92 10896.8 970.8255
1785 6.925 10923.17 1769.613
1786 6.93 10973.82 2176.446
1787 6.935 11006.43 2105.463
1788 6.94 10994.14 1578.438
1789 6.945 10947.7 711.0427
1790 6.95 10905.44 -315.2619
1791 6.955 10901.44 -1277.719
1792 6.96 10939.29 -1957.866
1793 6.965 10987.46 -2205.36
1794 6.97 11006.14 -1971.509
1795 6.975 10980.01 -1312.58
1796 6.98 10930.19 -368.8779
1797 6.985 10897.96 663.2513
1798 6.99 10910.36 1552.097
1799 6.995 10957.58 2097.306
1800 7 11000.04 2180.326
