"vel_pt1"
"Time Step" "flow-time etc.."
("Time Step" "flow-time" "vel-pt")
301 3.01 65.74929
302 3.02 85.25784
303 3.03 97.2834
304 3.04 96.07038
305 3.05 82.60263
306 3.06 64.01891
307 3.07 48.57267
308 3.08 48.65588
309 3.09 65.58546
310 3.1 85.09349
311 3.11 97.18056
312 3.12 96.06689
313 3.13 82.68694
314 3.14 64.10767
315 3.15 48.58985
316 3.16 48.4998
317 3.17 65.36567
318 3.18 84.92268
319 3.19 97.12474
320 3.2 96.15245
321 3.21 82.86209
322 3.22 64.29217
323 3.23 48.68946
324 3.24 48.39762
325 3.25 65.16838
326 3.26 84.75662
327 3.27 97.06587
328 3.28 96.23196
329 3.29 83.0333
330 3.3 64.47644
331 3.31 48.79256
332 3.32 48.29897
333 3.33 64.97148
334 3.34 84.58917
335 3.35 97.0043
336 3.36 96.30779
337 3.37 83.20104
338 3.38 64.65849
339 3.39 48.89621
340 3.4 48.20103
341 3.41 64.77444
342 3.42 84.42073
343 3.43 96.94107
344 3.44 96.38137
345 3.45 83.36696
346 3.46 64.83935
347 3.47 48.99947
348 3.48 48.10149
349 3.49 64.57498
350 3.5 84.25035
351 3.51 96.877
352 3.52 96.45595
353 3.53 83.53516
354 3.54 65.02322
355 3.55 49.10746
356 3.56 48.00741
357 3.57 64.37828
358 3.58 84.08026
359 3.59 96.76328
360 3.6 96.46348
361 3.61 83.64949
362 3.62 65.17929
363 3.63 49.21877
364 3.64 47.94593
365 3.65 64.21338
366 3.66 83.9272
367 3.67 96.69269
368 3.68 96.50655
369 3.69 83.77441
370 3.7 65.32359
371 3.71 49.30179
372 3.72 47.85488
373 3.73 64.03351
374 3.74 83.77191
375 3.75 96.62971
376 3.76 96.56481
377 3.77 83.91645
378 3.78 65.48175
379 3.79 49.39584
380 3.8 47.77193
381 3.81 63.85788
382 3.82 83.61902
383 3.83 96.56895
384 3.84 96.62617
385 3.85 84.06218
386 3.86 65.67726
387 3.87 49.55575
388 3.88 47.77438
389 3.89 63.74689
390 3.9 83.49854
391 3.91 96.5042
392 3.92 96.64639
393 3.93 84.1472
394 3.94 65.78146
395 3.95 49.61584
396 3.96 47.69963
397 3.97 63.60173
398 3.98 83.37354
399 3.99 96.45251
400 4 96.69067
